[gd_scene format=3 uid="uid://do14c5vekawr7"]

[ext_resource type="Material" uid="uid://6wpv5irmsl6c" path="res://assets/shaders/prototype_dark.tres" id="1_ig7tw"]
[ext_resource type="PackedScene" uid="uid://dlxh2fnc6jsv" path="res://entities/car/car.tscn" id="2_0xm2m"]

[sub_resource type="BoxMesh" id="BoxMesh_h2yge"]
material = ExtResource("1_ig7tw")
size = Vector3(500, 1, 500)

[sub_resource type="BoxShape3D" id="BoxShape3D_1bvp3"]
size = Vector3(500, 1, 500)

[sub_resource type="ProceduralSkyMaterial" id="ProceduralSkyMaterial_0xm2m"]
sun_angle_max = 39.32

[sub_resource type="Sky" id="Sky_h2yge"]
sky_material = SubResource("ProceduralSkyMaterial_0xm2m")

[sub_resource type="Environment" id="Environment_1bvp3"]
background_mode = 2
sky = SubResource("Sky_h2yge")

[node name="Node3D" type="Node3D" unique_id=1304365443]

[node name="Enviroment" type="Node" parent="." unique_id=1973075150]

[node name="floor" type="StaticBody3D" parent="Enviroment" unique_id=660666699]

[node name="MeshInstance3D" type="MeshInstance3D" parent="Enviroment/floor" unique_id=1177961171]
transform = Transform3D(1, 0, 0, 0, 1, 0, 0, 0, 1, 0.043914795, -0.062389374, -0.051154137)
mesh = SubResource("BoxMesh_h2yge")

[node name="CollisionShape3D" type="CollisionShape3D" parent="Enviroment/floor" unique_id=358505409]
visible = false
shape = SubResource("BoxShape3D_1bvp3")

[node name="WorldEnvironment" type="WorldEnvironment" parent="Enviroment" unique_id=189909491]
environment = SubResource("Environment_1bvp3")

[node name="CSGBox3D" type="CSGBox3D" parent="Enviroment" unique_id=651423295]
transform = Transform3D(1, 0, 0, 0, 1, 0, 0, 0, 1, 4.4280005, 1, -24.015999)
size = Vector3(10, 1, 10)
material = ExtResource("1_ig7tw")

[node name="CSGBox3D2" type="CSGBox3D" parent="Enviroment" unique_id=1306201592]
transform = Transform3D(-4.222196e-08, 1.131334e-08, 1, 0.25881904, 0.9659258, 0, -0.9659258, 0.25881904, -4.371139e-08, -10.625847, -0.76643324, -28.98031)
size = Vector3(22, 7, 10)
material = ExtResource("1_ig7tw")

[node name="CSGBox3D3" type="CSGBox3D" parent="Enviroment" unique_id=218076681]
transform = Transform3D(-0.8913944, 0.45322832, -8.729902e-08, 0.45322832, 0.89139456, -4.650019e-09, 7.571035e-08, -4.371139e-08, -1.0000001, -25.875847, -0.9314971, -16.48031)
size = Vector3(22, 12, 15)
material = ExtResource("1_ig7tw")

[node name="CSGBox3D4" type="CSGBox3D" parent="Enviroment" unique_id=494259886]
transform = Transform3D(-0.9652723, -0.26124597, -8.7422784e-08, -0.26124585, 0.9652724, 1.3877788e-17, 8.438679e-08, 2.2838838e-08, -1.0000001, -43.469646, 0.3829986, -16.48031)
size = Vector3(25.09961, 11.887573, 15)
material = ExtResource("1_ig7tw")

[node name="CSGCylinder3D" type="CSGCylinder3D" parent="Enviroment" unique_id=196628930]
transform = Transform3D(1, 0, 0, 0, -4.371139e-08, -1, 0, 1, -4.371139e-08, 17.613317, 0.1495896, -1)
material_override = ExtResource("1_ig7tw")
height = 10.0
sides = 12

[node name="CSGCylinder3D2" type="CSGCylinder3D" parent="Enviroment" unique_id=1592343074]
transform = Transform3D(1, 0, 0, 0, -4.371139e-08, -1, 0, 1, -4.371139e-08, 20.613317, 0.1495896, -1)
material_override = ExtResource("1_ig7tw")
height = 10.0
sides = 12

[node name="CSGCylinder3D3" type="CSGCylinder3D" parent="Enviroment" unique_id=764941029]
transform = Transform3D(1, 0, 0, 0, -4.371139e-08, -1, 0, 1, -4.371139e-08, 23.613317, 0.1495896, -1)
material_override = ExtResource("1_ig7tw")
height = 10.0
sides = 12

[node name="CSGCylinder3D4" type="CSGCylinder3D" parent="Enviroment" unique_id=1867063448]
transform = Transform3D(1, 0, 0, 0, -4.371139e-08, -1, 0, 1, -4.371139e-08, 26.613317, 0.1495896, -1)
material_override = ExtResource("1_ig7tw")
height = 10.0
sides = 12

[node name="CSGCylinder3D5" type="CSGCylinder3D" parent="Enviroment" unique_id=1477849785]
transform = Transform3D(1, 0, 0, 0, -4.371139e-08, -1, 0, 1, -4.371139e-08, 29.613317, 0.1495896, -1)
material_override = ExtResource("1_ig7tw")
height = 10.0
sides = 12

[node name="CSGCylinder3D6" type="CSGCylinder3D" parent="Enviroment" unique_id=564394348]
transform = Transform3D(1, 0, 0, 0, -4.371139e-08, -1, 0, 1, -4.371139e-08, 32.61332, 0.1495896, -1)
material_override = ExtResource("1_ig7tw")
height = 10.0
sides = 12

[node name="CSGCylinder3D7" type="CSGCylinder3D" parent="Enviroment" unique_id=940591226]
transform = Transform3D(1, 0, 0, 0, -4.371139e-08, -1, 0, 1, -4.371139e-08, 32.61332, 0.1495896, -1)
material_override = ExtResource("1_ig7tw")
height = 10.0
sides = 12

[node name="Light" type="Node" parent="." unique_id=492009032]

[node name="DirectionalLight3D" type="DirectionalLight3D" parent="Light" unique_id=1451347467]
transform = Transform3D(-0.7303799, -0.4150827, 0.5424496, 0.0062360475, 0.79008293, 0.6129682, -0.6830128, 0.45108247, -0.5744723, 7.9309816, 15.677363, 13.708041)
shadow_enabled = true

[node name="Cameras" type="Node" parent="." unique_id=1208851548]

[node name="Camera3D" type="Camera3D" parent="Cameras" unique_id=1525109972]
transform = Transform3D(1, 0, 0, 0, 0.516638, 0.856204, 0, -0.856204, 0.516638, 0, 15.677363, 13.708041)
fov = 90.0

[node name="Car" parent="." unique_id=841201649 instance=ExtResource("2_0xm2m")]
transform = Transform3D(1, 0, 0, 0, 1, 0, 0, 0, 1, 14.37738, 1.106518, 12.230246)
